mean,stdev,delta,lower,higher
2.8734191769546,0.0950459972015,0.0093699648280,0.0000000000000,1.0000000000000
counts,midpoints,proportions,densities,cumulatives
1.0000000000000,2.5225171737178,0.0002040399918,0.0217759613385,0.0002040399918
0.0000000000000,2.5318871385458,0.0000000000000,0.0000000000000,0.0002040399918
0.0000000000000,2.5412571033738,0.0000000000000,0.0000000000000,0.0002040399918
1.0000000000000,2.5506270682018,0.0002040399918,0.0217759613385,0.0004080799837
1.0000000000000,2.5599970330298,0.0002040399918,0.0217759613385,0.0006121199755
1.0000000000000,2.5693669978579,0.0002040399918,0.0217759613385,0.0008161599674
1.0000000000000,2.5787369626859,0.0002040399918,0.0217759613385,0.0010201999592
0.0000000000000,2.5881069275139,0.0000000000000,0.0000000000000,0.0010201999592
1.0000000000000,2.5974768923419,0.0002040399918,0.0217759613385,0.0012242399510
4.0000000000000,2.6068468571699,0.0008161599674,0.0871038453542,0.0020403999184
6.0000000000000,2.6162168219979,0.0012242399510,0.1306557680313,0.0032646398694
6.0000000000000,2.6255867868260,0.0012242399510,0.1306557680313,0.0044888798204
12.0000000000000,2.6349567516540,0.0024484799021,0.2613115360626,0.0069373597225
11.0000000000000,2.6443267164820,0.0022444399102,0.2395355747240,0.0091817996327
9.0000000000000,2.6536966813100,0.0018363599265,0.1959836520469,0.0110181595593
18.0000000000000,2.6630666461380,0.0036727198531,0.3919673040938,0.0146908794124
21.0000000000000,2.6724366109660,0.0042848398286,0.4572951881095,0.0189757192410
19.0000000000000,2.6818065757940,0.0038767598449,0.4137432654324,0.0228524790859
28.0000000000000,2.6911765406221,0.0057131197715,0.6097269174793,0.0285655988574
33.0000000000000,2.7005465054501,0.0067333197307,0.7186067241720,0.0352989185880
40.0000000000000,2.7099164702781,0.0081615996735,0.8710384535419,0.0434605182616
51.0000000000000,2.7192864351061,0.0104060395838,1.1105740282659,0.0538665578453
63.0000000000000,2.7286563999341,0.0128545194858,1.3718855643284,0.0667210773312
70.0000000000000,2.7380263647621,0.0142827994287,1.5243172936982,0.0810038767598
89.0000000000000,2.7473963295902,0.0181595592736,1.9380605591306,0.0991634360335
103.0000000000000,2.7567662944182,0.0210161191594,2.2429240178703,0.1201795551928
103.0000000000000,2.7661362592462,0.0210161191594,2.2429240178703,0.1411956743522
113.0000000000000,2.7755062240742,0.0230565190777,2.4606836312557,0.1642521934299
122.0000000000000,2.7848761889022,0.0248928790043,2.6566672833027,0.1891450724342
131.0000000000000,2.7942461537302,0.0267292389308,2.8526509353496,0.2158743113650
151.0000000000000,2.8036161185582,0.0308100387676,3.2881701621205,0.2466843501326
156.0000000000000,2.8129860833863,0.0318302387268,3.3970499688132,0.2785145888594
165.0000000000000,2.8223560482143,0.0336665986533,3.5930336208601,0.3121811875128
171.0000000000000,2.8317260130423,0.0348908386044,3.7236893888914,0.3470720261171
184.0000000000000,2.8410959778703,0.0375433584983,4.0067768862925,0.3846153846154
198.0000000000000,2.8504659426983,0.0403999183840,4.3116403450322,0.4250153029994
184.0000000000000,2.8598359075263,0.0375433584983,4.0067768862925,0.4625586614977
194.0000000000000,2.8692058723544,0.0395837584166,4.2245364996780,0.5021424199143
188.0000000000000,2.8785758371824,0.0383595184656,4.0938807316467,0.5405019383799
190.0000000000000,2.8879458020104,0.0387675984493,4.1374326543238,0.5792695368292
187.0000000000000,2.8973157668384,0.0381554784738,4.0721047703082,0.6174250153030
197.0000000000000,2.9066857316664,0.0401958783922,4.2898643836936,0.6576208936952
153.0000000000000,2.9160556964944,0.0312181187513,3.3317220847976,0.6888390124464
174.0000000000000,2.9254256613224,0.0355029585799,3.7890172729071,0.7243419710263
149.0000000000000,2.9347956261505,0.0304019587839,3.2446182394434,0.7547439298102
154.0000000000000,2.9441655909785,0.0314221587431,3.3534980461361,0.7861660885534
134.0000000000000,2.9535355558065,0.0273413589063,2.9179788193652,0.8135074474597
118.0000000000000,2.9629055206345,0.0240767190369,2.5695634379485,0.8375841664966
120.0000000000000,2.9722754854625,0.0244847990206,2.6131153606256,0.8620689655172
87.0000000000000,2.9816454502905,0.0177514792899,1.8945086364535,0.8798204448072
89.0000000000000,2.9910154151186,0.0181595592736,1.9380605591306,0.8979800040808
81.0000000000000,3.0003853799466,0.0165272393389,1.7638528684223,0.9145072434197
61.0000000000000,3.0097553447746,0.0124464395021,1.3283336416513,0.9269536829219
62.0000000000000,3.0191253096026,0.0126504794940,1.3501096029899,0.9396041624158
51.0000000000000,3.0284952744306,0.0104060395838,1.1105740282659,0.9500102019996
47.0000000000000,3.0378652392586,0.0095898796164,1.0234701829117,0.9596000816160
31.0000000000000,3.0472352040866,0.0063252397470,0.6750548014949,0.9659253213630
46.0000000000000,3.0566051689147,0.0093858396246,1.0016942215731,0.9753111609876
18.0000000000000,3.0659751337427,0.0036727198531,0.3919673040938,0.9789838808406
17.0000000000000,3.0753450985707,0.0034686798613,0.3701913427553,0.9824525607019
16.0000000000000,3.0847150633987,0.0032646398694,0.3484153814167,0.9857172005713
23.0000000000000,3.0940850282267,0.0046929198123,0.5008471107866,0.9904101203836
11.0000000000000,3.1034549930547,0.0022444399102,0.2395355747240,0.9926545602938
8.0000000000000,3.1128249578827,0.0016323199347,0.1742076907084,0.9942868802285
9.0000000000000,3.1221949227108,0.0018363599265,0.1959836520469,0.9961232401551
6.0000000000000,3.1315648875388,0.0012242399510,0.1306557680313,0.9973474801061
2.0000000000000,3.1409348523668,0.0004080799837,0.0435519226771,0.9977555600898
3.0000000000000,3.1503048171948,0.0006121199755,0.0653278840156,0.9983676800653
3.0000000000000,3.1596747820228,0.0006121199755,0.0653278840156,0.9989798000408
3.0000000000000,3.1690447468508,0.0006121199755,0.0653278840156,0.9995919200163
1.0000000000000,3.1784147116789,0.0002040399918,0.0217759613385,0.9997959600082
